$ 1 1.0000000000000001e-7 135.0639324902207 39 5 50 5e-11
g 0 368 0 416 0 0
a 192 192 336 192 9 2.5 0 1000000 0.41119999131445367 0.4112 1000000
w 336 192 336 304 0
w 96 112 192 112 0
w 192 112 192 176 0
O 336 192 400 192 0 0
w 336 304 336 368 0
c 192 304 336 304 0 1e-10 -0.8474855550586424 0.001
r 96 368 0 368 0 4852
r 192 368 336 368 0 10000
w 192 208 192 304 0
w 192 304 192 368 0
w 96 368 192 368 0
R 96 112 -32 112 0 0 40 0.4112 0 0 0.5
o 5 64 0 xa1112 0.15625 0.00009765625 0 1 1 0
38 8 F1 0 100 10000 -1 Resistance
38 13 F1 0 0.01 0.6 -1 Voltage
